 reference:       x                    y                  z          rover (approximate):      x                  y                  z 
            4075535.184           931821.775        4801609.099                          4075599.632         931875.237        4801587.744


nrsat      xref             yref           zref            pref            L1ref            L2ref            xrov            yrov             zrov           prov           L1rov           L2rov 

  2    21033386.902   -14744458.633     6153404.598    23133171.127    109045604.65     78747741.51    21033391.447   -14744454.921     6153397.411    23133163.312    110054430.82     84054567.30
  5    12256138.134   -10005130.381    21294527.255    21413947.777     99615987.93     72195859.24    12256145.025   -10005124.324    21294526.183    21413966.883    101074635.87     77261123.10
  6    25130107.900    -6625686.310    -5457970.992    24610400.222    116581385.05     85335716.53    25130107.778    -6625680.655    -5457978.424    24610356.812    117404489.99     90354230.35
  7    14468780.430     9360028.103    20438166.588    20580518.129     95700592.02     68680865.39    14468773.218     9360033.035    20438169.361    20580482.922     96699193.65     73368205.12
  9     9144710.513    19114180.246    16001149.729    21948258.459    102814005.22     74328941.27     9144706.117    19114186.670    16001144.566    21948216.112    103718071.76     79456633.23
 13    12592183.845   -20624262.825    11017220.905    23996535.762    113678144.28     82707528.03    12592187.159   -20624257.243    11017227.462    23996565.946    114161332.23     87836228.72
 16   -12662531.888     8012322.541    21886110.675    24943505.094    118472251.79     86374666.99   -12662538.362     8012315.906    21886109.449    24943553.357    119246358.69     91430908.87
  2    21058044.356   -14744050.448     6062510.701    23145845.579    109112214.69     78799645.41    21058048.877   -14744046.724     6062503.504    23145799.284    110120831.78     84106308.32
  5    12321114.627    -9955773.963    21280772.782    21403124.402     99559116.26     72151543.65    12321121.514    -9955767.906    21280771.677    21403105.295    101017554.21     77216643.86
  6    25114019.819    -6610023.176    -5550281.865    24630484.114    116686928.34     85417958.06    25114019.670    -6610017.511    -5550289.289    24630401.680    117509824.78     90436309.42
  7    14398318.332     9390427.916    20473020.788    20584035.817     95719086.74     68695276.87    14398311.015     9390432.891    20473023.577    20583962.672     96717481.11     73382455.08
  9     9131746.700    19174002.788    15936828.861    21962176.590    102887145.94     74385934.05     9131742.304    19174009.192    15936823.673    21962094.316    103791003.46     79513463.13
 13    12588426.702   -20581427.988    11099987.421    23978335.975    113582505.97     82633004.64    12588430.004   -20581422.325    11099994.072    23978327.339    114065485.50     87761542.95
 16   -12725575.050     7957503.191    21870667.625    24959810.599    118557936.90     86441434.59   -12725581.434     7957496.631    21870666.387    24959819.811    119331836.61     91497515.03
  2    21082394.563   -14743532.935     5971498.731    23158596.102    109179195.04     78851837.89    21082399.059   -14743529.198     5971491.525    23158605.231    110188128.16     84158747.06
  5    12386129.041    -9906558.317    21266609.434    21392393.192     99502696.25     72107580.02    12386135.921    -9906552.260    21266608.297    21392428.628    100961449.34     77172925.80
  6    25097639.684    -6594193.997    -5642486.513    24650577.585    116792497.91     85500220.09    25097639.531    -6594188.342    -5642493.805    24650550.539    117615710.90     90518818.06
  7    14327788.120     9421004.849    20507490.587    20587650.467     95738056.06     68710058.13    14327780.792     9421009.826    20507493.345    20587633.593     96736768.22     73397484.00
  9     9118912.866    19233606.109    15872202.550    21976142.242    102960514.33     74443104.22     9118908.487    19233612.413    15872197.424    21976116.418    103864687.84     79570879.52
 13    12584676.780   -20538280.961    11182541.399    23960156.084    113486948.89     82558544.58    12584680.080   -20538275.331    11182547.923    23960203.793    113970245.41     87687329.91
 16   -12788673.967     7902845.026    21854804.212    24976193.840    118644010.71     86508505.08   -12788680.430     7902838.395    21854802.919    24976259.333    119418228.61     91564833.49
  2    21106437.572   -14742904.706     5880370.441    23171418.860    109246543.01     78904316.85    21106442.044   -14742900.955     5880363.226    23171343.175    110255064.80     84210905.46
  5    12451179.744    -9857484.392    21252037.526    21381749.176     99446730.02     72063969.95    12451186.706    -9857478.268    21252036.337    21381701.124    100905070.73     77128994.39
  6    25080968.505    -6578197.766    -5734582.921    24670678.219    116898090.60     85582500.08    25080968.304    -6578192.079    -5734590.328    24670566.183    117720892.91     90600778.08
  7    14257191.626     9451758.714    20541575.259    20591356.620     95757498.81     68725208.36    14257184.288     9451763.693    20541577.986    20591255.536     96755801.37     73412315.05
  9     9106208.231    19292988.784    15807272.032    21990154.169    103034109.58     74500451.18     9106203.852    19292995.069    15807266.882    21990043.548    103937871.82     79627905.96
 13    12580935.494   -20494822.488    11264881.024    23941993.849    113391474.10     82484148.66    12580938.783   -20494816.776    11264887.641    23941957.140    113874359.94     87612613.93
 16   -12851827.215     7848348.946    21838520.742    24992653.165    118730470.68     86575876.49   -12851833.588     7848342.390    21838519.437    24992634.015    119504279.09     91631885.79
  2    21130173.442   -14742164.372     5789127.583    23184308.795    109314255.95     78957080.15    21130177.890   -14742160.608     5789120.359    23184426.518    110323819.85     84264480.82
  5    12516265.366    -9808552.930    21237057.322    21371190.915     99391219.41     72020714.96    12516272.322    -9808546.806    21237056.100    21371335.332    100850601.32     77086550.69
  6    25064007.234    -6562033.421    -5826569.449    24690779.851    117003703.56     85664795.93    25064007.007    -6562027.724    -5826576.847    24690861.624    117827548.61     90683886.41
  7    14186530.592     9482689.352    20575274.134    20595151.536     95777413.93     68740726.61    14186523.338     9482694.291    20575276.785    20595243.258     96776760.35     73428646.72
  9     9093632.027    19352149.317    15742038.639    22004206.423    103107930.89     74557974.28     9093627.631    19352155.661    15742033.378    22004289.735    104012735.39     79686241.24
 13    12577204.235   -20451053.096    11347004.926    23923847.242    113296082.19     82409817.28    12577207.516   -20451047.359    11347011.526    23924003.804    113780010.89     87539095.20
 16   -12915033.029     7794016.133    21821817.616    25009183.753    118817313.80     86643546.42   -12915039.482     7794009.506    21821816.255    25009359.033    119592166.39     91700369.41
